0.0 31.8404093858
0.0 31.9310693161
0.0 31.7023385534
0.0 31.1598716477
0.0 31.9068906185
0.0 31.5877848399
0.0 31.8579971258
0.0 31.5079247822
0.0 31.6956634411
0.0 31.9744183539
0.0 31.9403148967
0.0 31.876900591
0.0 31.8090406202
0.0 31.5868544733
0.0 31.9428968434
0.0 31.7582232147
0.0 31.192066417
0.0 31.9142921013
0.0 31.5855530829
0.0 31.7482334537
0.0 31.9069771805
0.0 31.2491227231
0.0 31.8073551923
0.0 31.6284459851
0.0 31.5999153705
0.0 31.8340762549
0.0 31.6439337923
0.0 31.5886012745
0.0 31.7565831464
0.0 31.8078166093
0.0 31.9008896649
0.0 28.6021191491
